1.1
1.1
1.1
1.1
1.1
1.1
1.04
1.04
1.04
1.04
1.04
1.04
1.04
1.04
1.04
1.04
1.04
1.04
1.04
1.04
1.04
1.04
1.04
1.04
1.04
1.04
1.04
1.04
1.04
1.04
1.04
1.04
1.04
1.04
1.04
1.04
1.04
1.04
1.04
1.04
1.04
1.04
1.04
1.04
1.04
1.04
1.04
1.04
1.04
1.04
1.04
1.04
1.04
1.04
1.25
1.25
1.25
1.25
1.25
1.25
1.25
1.25
1.25
1.25
1.25
1.25
1.25
1.25
1.25
1.25
1.25
1.25
1.25
1.25
1.25
1.25
1.25
1.25
1.75
1.75
1.75
1.75
1.75
1.75
1.75
1.75
1.75
1.75
1.75
1.75
1.75
1.75
1.75
1.75
1.75
1.75
1.75
1.75
1.75
1.75
1.75
1.75
1.75
1.75
1.75
1.75
1.75
1.75
1.75
1.75
1.75
1.75
1.75
1.75
1.75
1.75
1.75
1.75
1.75
1.75
1.75
1.75
1.75
1.75
1.75
1.75
1.99
1.99
1.99
1.99
1.99
1.99
1.99
1.99
1.99
1.99
1.99
1.99
1.99
1.99
1.99
1.99
1.99
1.99
1.99
1.99
1.99
1.99
1.99
1.99
2.00
2.00
2.00
2.00
2.00
2.00
2.01
2.01
2.01
2.01
2.01
2.01
2.01
2.01
2.01
2.01
2.01
2.01
2.5
2.5
2.5
2.5
2.5
2.5
2.5
2.5
2.5
2.5
2.5
2.5
2.5
2.5
2.5
2.5
2.5
2.5
2.5
2.5
2.5
2.5
2.5
2.5
2.75
2.75
2.75
2.75
2.75
2.75
2.75
2.75
2.75
2.75
2.75
2.75
2.83
2.83
2.83
2.83
2.83
2.83
2.83
2.83
2.83
2.83
2.83
2.83
2.83
2.83
2.83
2.83
2.83
2.83
2.83
2.83
2.83
2.83
2.83
2.83
2.83
2.83
2.83
2.83
2.83
2.83
3.5
3.5
3.5
3.5
3.5
3.5
3.5
3.5
3.5
3.5
3.5
3.5
3.5
3.5
3.5
3.5
3.5
3.5
3.5
3.5
3.5
3.5
3.5
3.5
3.9
3.13
3.27
3.27
3.27
3.27
3.27
3.27
4.69
4.69
4.69
4.69
4.69
4.69
4.95
4.95
4.95
4.95
4.95
4.95
4.95
4.95
4.95
4.95
4.95
4.95
4.95
4.95
4.95
4.95
4.95
4.95
4.95
4.95
4.95
4.95
4.95
4.95
7.0
7.77
7.77
7.77
7.77
7.77
7.77
8.00
8.5
8.75
8.75
8.75
8.75
8.75
8.75
8.75
8.75
8.75
8.75
8.75
8.75
9.64
9.64
9.64
9.64
9.64
9.64
